[backbone_specs]
  E = 2100000.0000000000
  length = 0.20000000000000001
  length_discretization = 0.0050000000000000001
  nu = 0.29999999999999999
  ri = 0.0000000000000000
  ro = 0.010000000000000000
[environment]
  [[environment.spheres]]
    [environment.spheres.sphere]
      center = [0.0014, -0.1200,  0.0536]
      radius = 0.0644
[problem]
  goal = [-0.03897, -0.12, 0.07907, 0, 17]
  goal_retraction = 0.0000000000000000
  goal_rotation = 0.0000000000000000
  min_tension_change = 0.020000000000000000
  start = [0.1002, 0.01, 0.07312, 8.0000000000000000, 10.00000000000000000]
  start_retraction = 0.0000000000000000
  start_rotation = 0.0000000000000000
  cuboid_center = [0.1, 0, 0.1]
  cuboid_size = [0.2, 0.01, 0.15]
[tendon_robot]
  enable_retraction = false
  enable_rotation = false
  radius = 0.014999999999999999
[[tendons]]
  C = [0.0000000000000000, 0.0000000000000000]
  D = [0.010000000000000000]
  max_length = 0.035000000000000003
  max_tension = 20.000000000000000
  min_length = -0.014999999999999999
[[tendons]]
  C = [2.0943951023931953, 0.0000000000000000]
  D = [0.010000000000000000]
  max_length = 0.035000000000000003
  max_tension = 20.000000000000000
  min_length = -0.014999999999999999
[[tendons]]
  C = [-2.0943951023931953, 0.0000000000000000]
  D = [0.010000000000000000]
  max_length = 0.035000000000000003
  max_tension = 20.000000000000000
  min_length = -0.014999999999999999
[[tendons]]
  C = [1.5707963267948966, 20.000000000000000]
  D = [0.010000000000000000]
  max_length = 0.035000000000000003
  max_tension = 20.000000000000000
  min_length = -0.014999999999999999
[[tendons]]
  C = [-1.5707963267948966, -20.000000000000000]
  D = [0.010000000000000000]
  max_length = 0.035000000000000003
  max_tension = 20.000000000000000
  min_length = -0.014999999999999999
