[backbone_specs]
  E = 2100000.0000000000
  length = 0.20000000000000001
  length_discretization = 0.0050000000000000001
  nu = 0.29999999999999999
  ri = 0.0000000000000000
  ro = 0.010000000000000000
[tendon_robot]
  enable_retraction = false
  enable_rotation = false
  radius = 0.014999999999999999

[environment]
  [[environment.spheres]]
    [environment.spheres.sphere]
      center = [0.032, -0.02, 0.153]
      radius = 0.05

[problem]
  goal = [0, 8, 17, 0]
  goal_retraction = 0.0000000000000000
  goal_rotation = 0.0000000000000000
  min_tension_change = 0.020000000000000000
  start = [0.000000000000000, 10.0000000000000000, 17.0000000000000000, 8.0000000000000000]
  start_retraction = 0.0000000000000000
  start_rotation = 0.0000000000000000

[[tendons]]
  C = [2.0943951023931953, 0.0000000000000000]
  D = [0.0074000000000000003]
  max_length = 0.040000000000000001
  max_tension = 41.357999999999990
  min_length = -0.010000000000000000
[[tendons]]
  C = [0.0000000000000000, 0.0000000000000000]
  D = [0.0074000000000000003]
  max_length = 0.040000000000000001
  max_tension = 41.357999999999990
  min_length = -0.010000000000000000
[[tendons]]
  C = [-2.0943951023931953, 0.0000000000000000]
  D = [0.0074000000000000003]
  max_length = 0.040000000000000001
  max_tension = 41.357999999999990
  min_length = -0.010000000000000000
[[tendons]]
  C = [-2.0943951023931953, -47.123889802999997]
  D = [0.0074000000000000003]
  max_length = 0.040000000000000001
  max_tension = 38.821000000000005
  min_length = -0.010000000000000000

[haptic_transform]
  translation=[0.0,-0.088,0.0]
  scale=1


