[backbone_specs]
  E = 2100000.0000000000
  length = 0.070000000000000007
  length_discretization = 0.0020000000000000000
  nu = 0.29999999999999999
  ri = 0.0000000000000000
  ro = 0.010000000000000000
[environment]
  [[environment.meshes]]
    [environment.meshes.mesh]
      filename = "../../resources/effusion-region-6k-with-hole.stl"
[problem]
  goal = [3.0439464151507951, 20.200184316901403, 130.88764887863852, 4.7691272428500016, 0.32563828637633013]
  min_tension_change = 0.10000000000000001
  start = [52.896787650215188, 113.74716384917339, 23.775104781197165, 12.290085272578578, 22.905636720504987]
[tendon_robot]
  radius = 0.0030000000000000001
[[tendons]]
  C = [0.0000000000000000, 0.0000000000000000]
  D = [0.0028999999999999998]
  max_length = 0.048000000000000001
  max_tension = 150.00000000000000
  min_length = -0.029000000000000001
[[tendons]]
  C = [2.0939999999999999, 0.0000000000000000]
  D = [0.0028999999999999998]
  max_length = 0.048000000000000001
  max_tension = 150.00000000000000
  min_length = -0.025999999999999999
[[tendons]]
  C = [4.1890000000000001, 0.0000000000000000]
  D = [0.0028999999999999998]
  max_length = 0.048000000000000001
  max_tension = 150.00000000000000
  min_length = -0.025999999999999999
[[tendons]]
  C = [1.5710000000000000, 50.000000000000000]
  D = [0.0028999999999999998]
  max_length = 0.045999999999999999
  max_tension = 30.000000000000000
  min_length = -0.027000000000000000
[[tendons]]
  C = [-1.5710000000000000, -50.000000000000000]
  D = [0.0028999999999999998]
  max_length = 0.045999999999999999
  max_tension = 30.000000000000000
  min_length = -0.027000000000000000
