[backbone_specs]
  E = 2100000.0000000000
  length = 0.070000000000000007
  length_discretization = 0.0020000000000000000
  nu = 0.29999999999999999
  ri = 0.0000000000000000
  ro = 0.010000000000000000
[environment]
  [[environment.meshes]]
    [environment.meshes.mesh]
      filename = "../../resources/effusion-region-6k-with-hole.stl"
[problem]
  goal = [19.325181351505929, 16.858564049806006, 91.387087239644885, 12.877630163047803, 19.141996620994146]
  min_tension_change = 0.10000000000000001
  start = [0.40954142175123265, 21.243513169796508, 100.82411610259177, 10.292274357739528, 15.459222734737599]
[tendon_robot]
  radius = 0.0030000000000000001
[[tendons]]
  C = [0.0000000000000000, 0.0000000000000000]
  D = [0.0028999999999999998]
  max_length = 0.048000000000000001
  max_tension = 150.00000000000000
  min_length = -0.029000000000000001
[[tendons]]
  C = [2.0939999999999999, 0.0000000000000000]
  D = [0.0028999999999999998]
  max_length = 0.048000000000000001
  max_tension = 150.00000000000000
  min_length = -0.025999999999999999
[[tendons]]
  C = [4.1890000000000001, 0.0000000000000000]
  D = [0.0028999999999999998]
  max_length = 0.048000000000000001
  max_tension = 150.00000000000000
  min_length = -0.025999999999999999
[[tendons]]
  C = [1.5710000000000000, 50.000000000000000]
  D = [0.0028999999999999998]
  max_length = 0.045999999999999999
  max_tension = 30.000000000000000
  min_length = -0.027000000000000000
[[tendons]]
  C = [-1.5710000000000000, -50.000000000000000]
  D = [0.0028999999999999998]
  max_length = 0.045999999999999999
  max_tension = 30.000000000000000
  min_length = -0.027000000000000000
