[backbone_specs]
  E = 2100000.0000000000
  length = 0.20000000000000001
  length_discretization = 0.0050000000000000001
  nu = 0.29999999999999999
  ri = 0.0000000000000000
  ro = 0.010000000000000000
[environment]
  [[environment.spheres]]
    [environment.spheres.sphere]
      center = [0.0000000000000000, 0.0000000000000000, 0.17999999999999999]
      radius = 0.080000000000000002
  [[environment.spheres]]
    [environment.spheres.sphere]
      center = [0.10000000000000001, 0.0000000000000000, 0.0000000000000000]
      radius = 0.050000000000000003
  [[environment.spheres]]
    [environment.spheres.sphere]
      center = [-0.10000000000000001, 0.0000000000000000, 0.0000000000000000]
      radius = 0.050000000000000003
  [[environment.spheres]]
    [environment.spheres.sphere]
      center = [0.0000000000000000, 0.10000000000000001, 0.0000000000000000]
      radius = 0.050000000000000003
  [[environment.spheres]]
    [environment.spheres.sphere]
      center = [0.0000000000000000, -0.10000000000000001, 0.0000000000000000]
      radius = 0.050000000000000003
  [[environment.spheres]]
    [environment.spheres.sphere]
      center = [-0.10000000000000001, 0.10000000000000001, 0.10000000000000001]
      radius = 0.050000000000000003
[problem]
  goal = [3.0230270004955138, 13.282245949865938, 14.119649376933936, 1.5017611233569614, 12.224215906431905]
  min_tension_change = 0.020000000000000000
  start = [9.1014921100718826, 11.512035971759545, 8.5274565357487635, 9.8363958147712829, 12.009351135911256]
[tendon_robot]
  radius = 0.014999999999999999
[[tendons]]
  C = [0.0000000000000000, 0.0000000000000000]
  D = [0.010000000000000000]
  max_length = 0.035000000000000003
  max_tension = 20.000000000000000
  min_length = -0.014999999999999999
[[tendons]]
  C = [2.0943951023931953, 0.0000000000000000]
  D = [0.010000000000000000]
  max_length = 0.035000000000000003
  max_tension = 20.000000000000000
  min_length = -0.014999999999999999
[[tendons]]
  C = [-2.0943951023931953, 0.0000000000000000]
  D = [0.010000000000000000]
  max_length = 0.035000000000000003
  max_tension = 20.000000000000000
  min_length = -0.014999999999999999
[[tendons]]
  C = [1.5707963267948966, 20.000000000000000]
  D = [0.010000000000000000]
  max_length = 0.035000000000000003
  max_tension = 20.000000000000000
  min_length = -0.014999999999999999
[[tendons]]
  C = [-1.5707963267948966, -20.000000000000000]
  D = [0.010000000000000000]
  max_length = 0.035000000000000003
  max_tension = 20.000000000000000
  min_length = -0.014999999999999999
