[backbone_specs]
  E = 2100000.0000000000
  length = 0.20000000000000001
  length_discretization = 0.0050000000000000001
  nu = 0.29999999999999999
  ri = 0.0000000000000000
  ro = 0.010000000000000000
[environment]
  [[environment.spheres]]
    [environment.spheres.sphere]
      center = [0.0000000000000000, 0.0000000000000000, 0.17999999999999999]
      radius = 0.080000000000000002
  [[environment.spheres]]
    [environment.spheres.sphere]
      center = [0.10000000000000001, 0.0000000000000000, 0.0000000000000000]
      radius = 0.050000000000000003
  [[environment.spheres]]
    [environment.spheres.sphere]
      center = [-0.10000000000000001, 0.0000000000000000, 0.0000000000000000]
      radius = 0.050000000000000003
  [[environment.spheres]]
    [environment.spheres.sphere]
      center = [0.0000000000000000, 0.10000000000000001, 0.0000000000000000]
      radius = 0.050000000000000003
  [[environment.spheres]]
    [environment.spheres.sphere]
      center = [0.0000000000000000, -0.10000000000000001, 0.0000000000000000]
      radius = 0.050000000000000003
  [[environment.spheres]]
    [environment.spheres.sphere]
      center = [-0.10000000000000001, 0.10000000000000001, 0.10000000000000001]
      radius = 0.050000000000000003
[problem]
  goal = [3.8238345471423063, 16.129387903628860, 3.7970819400257079, 2.0283175153562114, 3.0302230882785519]
  min_tension_change = 0.020000000000000000
  start = [10.623787360685142, 5.3747123122587217, 6.6095881326182901, 18.719187093245722, 16.652104079290609]
[tendon_robot]
  radius = 0.014999999999999999
[[tendons]]
  C = [0.0000000000000000, 0.0000000000000000]
  D = [0.010000000000000000]
  max_length = 0.035000000000000003
  max_tension = 20.000000000000000
  min_length = -0.014999999999999999
[[tendons]]
  C = [2.0943951023931953, 0.0000000000000000]
  D = [0.010000000000000000]
  max_length = 0.035000000000000003
  max_tension = 20.000000000000000
  min_length = -0.014999999999999999
[[tendons]]
  C = [-2.0943951023931953, 0.0000000000000000]
  D = [0.010000000000000000]
  max_length = 0.035000000000000003
  max_tension = 20.000000000000000
  min_length = -0.014999999999999999
[[tendons]]
  C = [1.5707963267948966, 20.000000000000000]
  D = [0.010000000000000000]
  max_length = 0.035000000000000003
  max_tension = 20.000000000000000
  min_length = -0.014999999999999999
[[tendons]]
  C = [-1.5707963267948966, -20.000000000000000]
  D = [0.010000000000000000]
  max_length = 0.035000000000000003
  max_tension = 20.000000000000000
  min_length = -0.014999999999999999
