[backbone_specs]
  E = 2100000.0000000000
  length = 0.20000000000000001
  length_discretization = 0.0050000000000000001
  nu = 0.29999999999999999
  ri = 0.0000000000000000
  ro = 0.010000000000000000
[environment]
  [[environment.spheres]]
    [environment.spheres.sphere]
      center = [0.0000000000000000, 0.0000000000000000, 0.17999999999999999]
      radius = 0.080000000000000002
  [[environment.spheres]]
    [environment.spheres.sphere]
      center = [0.10000000000000001, 0.0000000000000000, 0.0000000000000000]
      radius = 0.050000000000000003
  [[environment.spheres]]
    [environment.spheres.sphere]
      center = [-0.10000000000000001, 0.0000000000000000, 0.0000000000000000]
      radius = 0.050000000000000003
  [[environment.spheres]]
    [environment.spheres.sphere]
      center = [0.0000000000000000, 0.10000000000000001, 0.0000000000000000]
      radius = 0.050000000000000003
  [[environment.spheres]]
    [environment.spheres.sphere]
      center = [0.0000000000000000, -0.10000000000000001, 0.0000000000000000]
      radius = 0.050000000000000003
  [[environment.spheres]]
    [environment.spheres.sphere]
      center = [-0.10000000000000001, 0.10000000000000001, 0.10000000000000001]
      radius = 0.050000000000000003
[problem]
  goal = [5.5760663568494326, 16.200189239083066, 7.5538070704078484, 1.4534121107368736, 12.354829520548169]
  min_tension_change = 0.020000000000000000
  start = [9.0083945351883514, 14.410823759963536, 0.14289894532489111, 11.261268536569125, 12.480894604495909]
[tendon_robot]
  radius = 0.014999999999999999
[[tendons]]
  C = [0.0000000000000000, 0.0000000000000000]
  D = [0.010000000000000000]
  max_length = 0.035000000000000003
  max_tension = 20.000000000000000
  min_length = -0.014999999999999999
[[tendons]]
  C = [2.0943951023931953, 0.0000000000000000]
  D = [0.010000000000000000]
  max_length = 0.035000000000000003
  max_tension = 20.000000000000000
  min_length = -0.014999999999999999
[[tendons]]
  C = [-2.0943951023931953, 0.0000000000000000]
  D = [0.010000000000000000]
  max_length = 0.035000000000000003
  max_tension = 20.000000000000000
  min_length = -0.014999999999999999
[[tendons]]
  C = [1.5707963267948966, 20.000000000000000]
  D = [0.010000000000000000]
  max_length = 0.035000000000000003
  max_tension = 20.000000000000000
  min_length = -0.014999999999999999
[[tendons]]
  C = [-1.5707963267948966, -20.000000000000000]
  D = [0.010000000000000000]
  max_length = 0.035000000000000003
  max_tension = 20.000000000000000
  min_length = -0.014999999999999999
