[backbone_specs]
  E = 0.087e8 #904000 
  length = 0.20000000000000001
  length_discretization = 0.0050000000000000001
  nu = 0.29999999999999999
  ri = 0.0000000000000000
  ro = 0.0030000000000000001
[tendon_robot]
  enable_retraction = false
  enable_rotation = false
  radius = 0.014999999999999999
[[tendons]]
  C = [2.0943999999999998, 0.0000000000000000]
  D = [0.0080000000000000002]
  max_length = 0.040000000000000001
  max_tension = 0.96699999999999997
  min_length = -0.010000000000000000
[[tendons]]
  C = [0.0000000000000000, 0.0000000000000000]
  D = [0.0080000000000000002]
  max_length = 0.040000000000000001
  max_tension = 0.96699999999999997
  min_length = -0.010000000000000000
[[tendons]]
  C = [-2.0943999999999998, 0.0000000000000000]
  D = [0.0080000000000000002]
  max_length = 0.040000000000000001
  max_tension = 0.96699999999999997
  min_length = -0.010000000000000000
[[tendons]]
  C = [-2.0943999999999998, -47.124000000000002]
  D = [0.0080000000000000002]
  max_length = 0.040000000000000001
  max_tension = 0.97 #1.6705000000000001
  min_length = -0.010000000000000000
